# Created by Octave 8.3.0, Thu Mar 14 15:27:12 2024 CET <mahir@MahirS>
# name: r
# type: matrix
# rows: 1
# columns: 5
 1 4 7 10 13


# name: c
# type: matrix
# rows: 5
# columns: 1
 13
 10
 7
 4
 1


