A=[1 3 6; 2 5 4]; 
sum(~(A>3))
